2087341
2059365
2052326
2073331
2103963
2053912
2101910
2104169
2071398
1848682
2050873
2019618
1840837
2024890
2024881
2040748
1968063
1968914
1968964
1983376
1983736
2106861
2094436
2089789
2113225
2108506
2118709
2037975
2023559
2114148
2114162
2135963
2130128
2103631
2137910
2136872
2136911
2135767
1121173
2147098
2140783
2134709
2122607
2139195
2140545
2140623
2140312
326110
422743
2147444
2120386
2158576
2156830
2164246
1892568
1892569
2164554
2168567
2170537
2161145
1923049
2083052
2128002
2165767
752898
2091393
2049032
2187134
2099171
2138377
2181666
2181670
2188327
2178712
2206928
2206929
2192697
2210074
2220445
2220446
2220447
2220449
2220652
2220653
2220655
2220657
2220658
2220660
2220661
2220663
2220664
2220665
2220668
2220670
2220673
2220675
2220444
2189305
2247333
2208005
2208012
2208017
2208019
2176998
2177006
2177008
2177011
2129667
2217556
2201052
2177024
2177033
2231212
2181078
2205038
2204033
2204034
2223407
2244611
2229939
2134402
2104481
2219588
2207127
2227507
1849211
2254312
2228222
2234984
1892605
1805911
2224189
2224190
2224193
2225018
2225044
2225117
2225118
2214193
2134863
2214316
2151850
2253306
166623
2216004
2217137
2170206
2253298
2253429
2253433
2253434
2253435
2253436
2253439
2253440
2253468
2253473
2253769
2253772
2253796
2253799
2253800
2253801
2253802
2253806
2253807
2253862
2253934
2253942
2253943
2253944
2254031
2254032
2254033
2254034
2254035
2254036
2254037
2254038
2254039
2254040
2254048
2254049
2254050
2254051
2254053
2254111
2254421
2254664
2254668
2254671
2259007
2204133
2204135
2204136
1864737
1864742
1864763
2255442
2255841
2255851
2258771
2258796
2258797
2258798
2258799
2258801
2258802
2258836
2258853
2258854
2258855
2258413
2258414
2258417
2258418
2258420
2258672
2258692
2258707
2258710
2259205
414519
2239056
2239079
2199489
2276239
2194248
2232541
2240682
2240683
2240684
2240685
2240686
2232374
2232375
2232376
2232377
2232378
2232379
2232380
2232381
2232382
2232383
2232384
2232385
2232386
2232387
2232388
2232389
2232390
2232391
2210623
2268256
2211444
2267506
1986365
2163779
2271416
2240186
2195506
2298874
2298877
2298878
2298883
2212193
2212195
2213774
2213775
2213776
2213777
2213778
2213779
2213780
2213792
2213793
438624
1429895
2213448
1211264
499116
2220666